/*--------------------------------*- C++ -*----------------------------------*\
| =========                 |                                                 |
| \\      /  F ield         | OpenFOAM: The Open Source CFD Toolbox           |
|  \\    /   O peration     | Version:  2.1.1                                 |
|   \\  /    A nd           | Web:      www.OpenFOAM.org                      |
|    \\/     M anipulation  |                                                 |
\*---------------------------------------------------------------------------*/
FoamFile
{
    version     2.0;
    format      ascii;
    class       cellSet;
    location    "constant/polyMesh/sets";
    object      selectedCells;
}
// * * * * * * * * * * * * * * * * * * * * * * * * * * * * * * * * * * * * * //


7964
(
16402 
16403 
16404 
16405 
16406 
16407 
16408 
16409 
16410 
16411 
16412 
16413 
16414 
16415 
16416 
16417 
16418 
16419 
16420 
16421 
16422 
16423 
16424 
16425 
16426 
16427 
16428 
16429 
16430 
16431 
16432 
16433 
16434 
16435 
16436 
16437 
16438 
16439 
16440 
16441 
16442 
16443 
16444 
16445 
16446 
16447 
16448 
16449 
16450 
16451 
16452 
16453 
16454 
16455 
16456 
16457 
16458 
16459 
16460 
16461 
16462 
16463 
16464 
16465 
16466 
16467 
16468 
16469 
16470 
16471 
16472 
16473 
16474 
16475 
16476 
16477 
16478 
16479 
16480 
16481 
16482 
16483 
16484 
16485 
16486 
16487 
16488 
16489 
16490 
16491 
16492 
16493 
16494 
16495 
16496 
16497 
16498 
16499 
16500 
16501 
16502 
16503 
16504 
16505 
16506 
16507 
16508 
16509 
16510 
16511 
16512 
16513 
16514 
16515 
16516 
16517 
16518 
16519 
16520 
16521 
16522 
16523 
16524 
16525 
16526 
16527 
16528 
16529 
16530 
16531 
16532 
16533 
16534 
16535 
16536 
16537 
16538 
16539 
16540 
16541 
16542 
16543 
16544 
16545 
16546 
16547 
16548 
16549 
16550 
16551 
16552 
16553 
16554 
16555 
16556 
16557 
16558 
16559 
16560 
16561 
16562 
16563 
16564 
16565 
16566 
16567 
16568 
16569 
16570 
16571 
16572 
16573 
16574 
16575 
16576 
16577 
16578 
16579 
16580 
16581 
16582 
16802 
16803 
16804 
16805 
16806 
16807 
16808 
16809 
16810 
16811 
16812 
16813 
16814 
16815 
16816 
16817 
16818 
16819 
16820 
16821 
16822 
16823 
16824 
16825 
16826 
16827 
16828 
16829 
16830 
16831 
16832 
16833 
16834 
16835 
16836 
16837 
16838 
16839 
16840 
16841 
16842 
16843 
16844 
16845 
16846 
16847 
16848 
16849 
16850 
16851 
16852 
16853 
16854 
16855 
16856 
16857 
16858 
16859 
16860 
16861 
16862 
16863 
16864 
16865 
16866 
16867 
16868 
16869 
16870 
16871 
16872 
16873 
16874 
16875 
16876 
16877 
16878 
16879 
16880 
16881 
16882 
16883 
16884 
16885 
16886 
16887 
16888 
16889 
16890 
16891 
16892 
16893 
16894 
16895 
16896 
16897 
16898 
16899 
16900 
16901 
16902 
16903 
16904 
16905 
16906 
16907 
16908 
16909 
16910 
16911 
16912 
16913 
16914 
16915 
16916 
16917 
16918 
16919 
16920 
16921 
16922 
16923 
16924 
16925 
16926 
16927 
16928 
16929 
16930 
16931 
16932 
16933 
16934 
16935 
16936 
16937 
16938 
16939 
16940 
16941 
16942 
16943 
16944 
16945 
16946 
16947 
16948 
16949 
16950 
16951 
16952 
16953 
16954 
16955 
16956 
16957 
16958 
16959 
16960 
16961 
16962 
16963 
16964 
16965 
16966 
16967 
16968 
16969 
16970 
16971 
16972 
16973 
16974 
16975 
16976 
16977 
16978 
16979 
16980 
16981 
16982 
17202 
17203 
17204 
17205 
17206 
17207 
17208 
17209 
17210 
17211 
17212 
17213 
17214 
17215 
17216 
17217 
17218 
17219 
17220 
17221 
17222 
17223 
17224 
17225 
17226 
17227 
17228 
17229 
17230 
17231 
17232 
17233 
17234 
17235 
17236 
17237 
17238 
17239 
17240 
17241 
17242 
17243 
17244 
17245 
17246 
17247 
17248 
17249 
17250 
17251 
17252 
17253 
17254 
17255 
17256 
17257 
17258 
17259 
17260 
17261 
17262 
17263 
17264 
17265 
17266 
17267 
17268 
17269 
17270 
17271 
17272 
17273 
17274 
17275 
17276 
17277 
17278 
17279 
17280 
17281 
17282 
17283 
17284 
17285 
17286 
17287 
17288 
17289 
17290 
17291 
17292 
17293 
17294 
17295 
17296 
17297 
17298 
17299 
17300 
17301 
17302 
17303 
17304 
17305 
17306 
17307 
17308 
17309 
17310 
17311 
17312 
17313 
17314 
17315 
17316 
17317 
17318 
17319 
17320 
17321 
17322 
17323 
17324 
17325 
17326 
17327 
17328 
17329 
17330 
17331 
17332 
17333 
17334 
17335 
17336 
17337 
17338 
17339 
17340 
17341 
17342 
17343 
17344 
17345 
17346 
17347 
17348 
17349 
17350 
17351 
17352 
17353 
17354 
17355 
17356 
17357 
17358 
17359 
17360 
17361 
17362 
17363 
17364 
17365 
17366 
17367 
17368 
17369 
17370 
17371 
17372 
17373 
17374 
17375 
17376 
17377 
17378 
17379 
17380 
17381 
17382 
17602 
17603 
17604 
17605 
17606 
17607 
17608 
17609 
17610 
17611 
17612 
17613 
17614 
17615 
17616 
17617 
17618 
17619 
17620 
17621 
17622 
17623 
17624 
17625 
17626 
17627 
17628 
17629 
17630 
17631 
17632 
17633 
17634 
17635 
17636 
17637 
17638 
17639 
17640 
17641 
17642 
17643 
17644 
17645 
17646 
17647 
17648 
17649 
17650 
17651 
17652 
17653 
17654 
17655 
17656 
17657 
17658 
17659 
17660 
17661 
17662 
17663 
17664 
17665 
17666 
17667 
17668 
17669 
17670 
17671 
17672 
17673 
17674 
17675 
17676 
17677 
17678 
17679 
17680 
17681 
17682 
17683 
17684 
17685 
17686 
17687 
17688 
17689 
17690 
17691 
17692 
17693 
17694 
17695 
17696 
17697 
17698 
17699 
17700 
17701 
17702 
17703 
17704 
17705 
17706 
17707 
17708 
17709 
17710 
17711 
17712 
17713 
17714 
17715 
17716 
17717 
17718 
17719 
17720 
17721 
17722 
17723 
17724 
17725 
17726 
17727 
17728 
17729 
17730 
17731 
17732 
17733 
17734 
17735 
17736 
17737 
17738 
17739 
17740 
17741 
17742 
17743 
17744 
17745 
17746 
17747 
17748 
17749 
17750 
17751 
17752 
17753 
17754 
17755 
17756 
17757 
17758 
17759 
17760 
17761 
17762 
17763 
17764 
17765 
17766 
17767 
17768 
17769 
17770 
17771 
17772 
17773 
17774 
17775 
17776 
17777 
17778 
17779 
17780 
17781 
17782 
18002 
18003 
18004 
18005 
18006 
18007 
18008 
18009 
18010 
18011 
18012 
18013 
18014 
18015 
18016 
18017 
18018 
18019 
18020 
18021 
18022 
18023 
18024 
18025 
18026 
18027 
18028 
18029 
18030 
18031 
18032 
18033 
18034 
18035 
18036 
18037 
18038 
18039 
18040 
18041 
18042 
18043 
18044 
18045 
18046 
18047 
18048 
18049 
18050 
18051 
18052 
18053 
18054 
18055 
18056 
18057 
18058 
18059 
18060 
18061 
18062 
18063 
18064 
18065 
18066 
18067 
18068 
18069 
18070 
18071 
18072 
18073 
18074 
18075 
18076 
18077 
18078 
18079 
18080 
18081 
18082 
18083 
18084 
18085 
18086 
18087 
18088 
18089 
18090 
18091 
18092 
18093 
18094 
18095 
18096 
18097 
18098 
18099 
18100 
18101 
18102 
18103 
18104 
18105 
18106 
18107 
18108 
18109 
18110 
18111 
18112 
18113 
18114 
18115 
18116 
18117 
18118 
18119 
18120 
18121 
18122 
18123 
18124 
18125 
18126 
18127 
18128 
18129 
18130 
18131 
18132 
18133 
18134 
18135 
18136 
18137 
18138 
18139 
18140 
18141 
18142 
18143 
18144 
18145 
18146 
18147 
18148 
18149 
18150 
18151 
18152 
18153 
18154 
18155 
18156 
18157 
18158 
18159 
18160 
18161 
18162 
18163 
18164 
18165 
18166 
18167 
18168 
18169 
18170 
18171 
18172 
18173 
18174 
18175 
18176 
18177 
18178 
18179 
18180 
18181 
18182 
18752 
18753 
18754 
18755 
18756 
18757 
18758 
18759 
18760 
18761 
18762 
18763 
18764 
18765 
18766 
18767 
18768 
18769 
18770 
18771 
18772 
18773 
18774 
18775 
18776 
18777 
18778 
18779 
18780 
18781 
18782 
18783 
18784 
18785 
18786 
18787 
18788 
18789 
18790 
18791 
18792 
18793 
18794 
18795 
18796 
18797 
18798 
18799 
18800 
18801 
18802 
18803 
18804 
18805 
18806 
18807 
18808 
18809 
18810 
18811 
18812 
18813 
18814 
18815 
18816 
18817 
18818 
18819 
18820 
18821 
18822 
18823 
18824 
18825 
18826 
18827 
18828 
18829 
18830 
18831 
18832 
18833 
18834 
18835 
18836 
18837 
18838 
18839 
18840 
18841 
18842 
18843 
18844 
18845 
18846 
18847 
18848 
18849 
18850 
18851 
18852 
18853 
18854 
18855 
18856 
18857 
18858 
18859 
18860 
18861 
18862 
18863 
18864 
18865 
18866 
18867 
18868 
18869 
18870 
18871 
18872 
18873 
18874 
18875 
18876 
18877 
18878 
18879 
18880 
18881 
18882 
18883 
18884 
18885 
18886 
18887 
18888 
18889 
18890 
18891 
18892 
18893 
18894 
18895 
18896 
18897 
18898 
18899 
18900 
18901 
18902 
18903 
18904 
18905 
18906 
18907 
18908 
18909 
18910 
18911 
18912 
18913 
18914 
18915 
18916 
18917 
18918 
18919 
18920 
18921 
18922 
18923 
18924 
18925 
18926 
18927 
18928 
18929 
18930 
18931 
18932 
19152 
19153 
19154 
19155 
19156 
19157 
19158 
19159 
19160 
19161 
19162 
19163 
19164 
19165 
19166 
19167 
19168 
19169 
19170 
19171 
19172 
19173 
19174 
19175 
19176 
19177 
19178 
19179 
19180 
19181 
19182 
19183 
19184 
19185 
19186 
19187 
19188 
19189 
19190 
19191 
19192 
19193 
19194 
19195 
19196 
19197 
19198 
19199 
19200 
19201 
19202 
19203 
19204 
19205 
19206 
19207 
19208 
19209 
19210 
19211 
19212 
19213 
19214 
19215 
19216 
19217 
19218 
19219 
19220 
19221 
19222 
19223 
19224 
19225 
19226 
19227 
19228 
19229 
19230 
19231 
19232 
19233 
19234 
19235 
19236 
19237 
19238 
19239 
19240 
19241 
19242 
19243 
19244 
19245 
19246 
19247 
19248 
19249 
19250 
19251 
19252 
19253 
19254 
19255 
19256 
19257 
19258 
19259 
19260 
19261 
19262 
19263 
19264 
19265 
19266 
19267 
19268 
19269 
19270 
19271 
19272 
19273 
19274 
19275 
19276 
19277 
19278 
19279 
19280 
19281 
19282 
19283 
19284 
19285 
19286 
19287 
19288 
19289 
19290 
19291 
19292 
19293 
19294 
19295 
19296 
19297 
19298 
19299 
19300 
19301 
19302 
19303 
19304 
19305 
19306 
19307 
19308 
19309 
19310 
19311 
19312 
19313 
19314 
19315 
19316 
19317 
19318 
19319 
19320 
19321 
19322 
19323 
19324 
19325 
19326 
19327 
19328 
19329 
19330 
19331 
19332 
19552 
19553 
19554 
19555 
19556 
19557 
19558 
19559 
19560 
19561 
19562 
19563 
19564 
19565 
19566 
19567 
19568 
19569 
19570 
19571 
19572 
19573 
19574 
19575 
19576 
19577 
19578 
19579 
19580 
19581 
19582 
19583 
19584 
19585 
19586 
19587 
19588 
19589 
19590 
19591 
19592 
19593 
19594 
19595 
19596 
19597 
19598 
19599 
19600 
19601 
19602 
19603 
19604 
19605 
19606 
19607 
19608 
19609 
19610 
19611 
19612 
19613 
19614 
19615 
19616 
19617 
19618 
19619 
19620 
19621 
19622 
19623 
19624 
19625 
19626 
19627 
19628 
19629 
19630 
19631 
19632 
19633 
19634 
19635 
19636 
19637 
19638 
19639 
19640 
19641 
19642 
19643 
19644 
19645 
19646 
19647 
19648 
19649 
19650 
19651 
19652 
19653 
19654 
19655 
19656 
19657 
19658 
19659 
19660 
19661 
19662 
19663 
19664 
19665 
19666 
19667 
19668 
19669 
19670 
19671 
19672 
19673 
19674 
19675 
19676 
19677 
19678 
19679 
19680 
19681 
19682 
19683 
19684 
19685 
19686 
19687 
19688 
19689 
19690 
19691 
19692 
19693 
19694 
19695 
19696 
19697 
19698 
19699 
19700 
19701 
19702 
19703 
19704 
19705 
19706 
19707 
19708 
19709 
19710 
19711 
19712 
19713 
19714 
19715 
19716 
19717 
19718 
19719 
19720 
19721 
19722 
19723 
19724 
19725 
19726 
19727 
19728 
19729 
19730 
19731 
19732 
19952 
19953 
19954 
19955 
19956 
19957 
19958 
19959 
19960 
19961 
19962 
19963 
19964 
19965 
19966 
19967 
19968 
19969 
19970 
19971 
19972 
19973 
19974 
19975 
19976 
19977 
19978 
19979 
19980 
19981 
19982 
19983 
19984 
19985 
19986 
19987 
19988 
19989 
19990 
19991 
19992 
19993 
19994 
19995 
19996 
19997 
19998 
19999 
20000 
20001 
20002 
20003 
20004 
20005 
20006 
20007 
20008 
20009 
20010 
20011 
20012 
20013 
20014 
20015 
20016 
20017 
20018 
20019 
20020 
20021 
20022 
20023 
20024 
20025 
20026 
20027 
20028 
20029 
20030 
20031 
20032 
20033 
20034 
20035 
20036 
20037 
20038 
20039 
20040 
20041 
20042 
20043 
20044 
20045 
20046 
20047 
20048 
20049 
20050 
20051 
20052 
20053 
20054 
20055 
20056 
20057 
20058 
20059 
20060 
20061 
20062 
20063 
20064 
20065 
20066 
20067 
20068 
20069 
20070 
20071 
20072 
20073 
20074 
20075 
20076 
20077 
20078 
20079 
20080 
20081 
20082 
20083 
20084 
20085 
20086 
20087 
20088 
20089 
20090 
20091 
20092 
20093 
20094 
20095 
20096 
20097 
20098 
20099 
20100 
20101 
20102 
20103 
20104 
20105 
20106 
20107 
20108 
20109 
20110 
20111 
20112 
20113 
20114 
20115 
20116 
20117 
20118 
20119 
20120 
20121 
20122 
20123 
20124 
20125 
20126 
20127 
20128 
20129 
20130 
20131 
20132 
20352 
20353 
20354 
20355 
20356 
20357 
20358 
20359 
20360 
20361 
20362 
20363 
20364 
20365 
20366 
20367 
20368 
20369 
20370 
20371 
20372 
20373 
20374 
20375 
20376 
20377 
20378 
20379 
20380 
20381 
20382 
20383 
20384 
20385 
20386 
20387 
20388 
20389 
20390 
20391 
20392 
20393 
20394 
20395 
20396 
20397 
20398 
20399 
20400 
20401 
20402 
20403 
20404 
20405 
20406 
20407 
20408 
20409 
20410 
20411 
20412 
20413 
20414 
20415 
20416 
20417 
20418 
20419 
20420 
20421 
20422 
20423 
20424 
20425 
20426 
20427 
20428 
20429 
20430 
20431 
20432 
20433 
20434 
20435 
20436 
20437 
20438 
20439 
20440 
20441 
20442 
20443 
20444 
20445 
20446 
20447 
20448 
20449 
20450 
20451 
20452 
20453 
20454 
20455 
20456 
20457 
20458 
20459 
20460 
20461 
20462 
20463 
20464 
20465 
20466 
20467 
20468 
20469 
20470 
20471 
20472 
20473 
20474 
20475 
20476 
20477 
20478 
20479 
20480 
20481 
20482 
20483 
20484 
20485 
20486 
20487 
20488 
20489 
20490 
20491 
20492 
20493 
20494 
20495 
20496 
20497 
20498 
20499 
20500 
20501 
20502 
20503 
20504 
20505 
20506 
20507 
20508 
20509 
20510 
20511 
20512 
20513 
20514 
20515 
20516 
20517 
20518 
20519 
20520 
20521 
20522 
20523 
20524 
20525 
20526 
20527 
20528 
20529 
20530 
20531 
20532 
20752 
20753 
20754 
20755 
20756 
20757 
20758 
20759 
20760 
20761 
20762 
20763 
20764 
20765 
20766 
20767 
20768 
20769 
20770 
20771 
20772 
20773 
20774 
20775 
20776 
20777 
20778 
20779 
20780 
20781 
20782 
20783 
20784 
20785 
20786 
20787 
20788 
20789 
20790 
20791 
20792 
20793 
20794 
20795 
20796 
20797 
20798 
20799 
20800 
20801 
20802 
20803 
20804 
20805 
20806 
20807 
20808 
20809 
20810 
20811 
20812 
20813 
20814 
20815 
20816 
20817 
20818 
20819 
20820 
20821 
20822 
20823 
20824 
20825 
20826 
20827 
20828 
20829 
20830 
20831 
20832 
20833 
20834 
20835 
20836 
20837 
20838 
20839 
20840 
20841 
20842 
20843 
20844 
20845 
20846 
20847 
20848 
20849 
20850 
20851 
20852 
20853 
20854 
20855 
20856 
20857 
20858 
20859 
20860 
20861 
20862 
20863 
20864 
20865 
20866 
20867 
20868 
20869 
20870 
20871 
20872 
20873 
20874 
20875 
20876 
20877 
20878 
20879 
20880 
20881 
20882 
20883 
20884 
20885 
20886 
20887 
20888 
20889 
20890 
20891 
20892 
20893 
20894 
20895 
20896 
20897 
20898 
20899 
20900 
20901 
20902 
20903 
20904 
20905 
20906 
20907 
20908 
20909 
20910 
20911 
20912 
20913 
20914 
20915 
20916 
20917 
20918 
20919 
20920 
20921 
20922 
20923 
20924 
20925 
20926 
20927 
20928 
20929 
20930 
20931 
20932 
21152 
21153 
21154 
21155 
21156 
21157 
21158 
21159 
21160 
21161 
21162 
21163 
21164 
21165 
21166 
21167 
21168 
21169 
21170 
21171 
21172 
21173 
21174 
21175 
21176 
21177 
21178 
21179 
21180 
21181 
21182 
21183 
21184 
21185 
21186 
4802 
21187 
4803 
21188 
4804 
21189 
4805 
21190 
4806 
21191 
4807 
21192 
4808 
21193 
4809 
21194 
4810 
21195 
4811 
21196 
4812 
21197 
4813 
21198 
4814 
21199 
4815 
21200 
4816 
21201 
4817 
21202 
4818 
21203 
4819 
21204 
4820 
21205 
4821 
21206 
4822 
21207 
4823 
21208 
4824 
21209 
4825 
21210 
4826 
21211 
4827 
21212 
4828 
21213 
4829 
21214 
4830 
21215 
4831 
21216 
4832 
21217 
4833 
21218 
4834 
21219 
4835 
21220 
4836 
21221 
4837 
21222 
4838 
21223 
4839 
21224 
4840 
21225 
4841 
21226 
4842 
21227 
4843 
21228 
4844 
21229 
4845 
21230 
4846 
21231 
4847 
21232 
4848 
21233 
4849 
21234 
4850 
21235 
4851 
21236 
4852 
21237 
4853 
21238 
4854 
21239 
4855 
21240 
4856 
21241 
4857 
21242 
4858 
21243 
4859 
21244 
4860 
21245 
4861 
21246 
4862 
21247 
4863 
21248 
4864 
21249 
4865 
21250 
4866 
21251 
4867 
21252 
4868 
21253 
4869 
21254 
4870 
21255 
4871 
21256 
4872 
21257 
4873 
21258 
4874 
21259 
4875 
21260 
4876 
21261 
4877 
21262 
4878 
21263 
4879 
21264 
4880 
21265 
4881 
21266 
4882 
21267 
4883 
21268 
4884 
21269 
4885 
21270 
4886 
21271 
4887 
21272 
4888 
21273 
4889 
21274 
4890 
21275 
4891 
21276 
4892 
21277 
4893 
21278 
4894 
21279 
4895 
21280 
4896 
21281 
4897 
21282 
4898 
21283 
4899 
21284 
4900 
21285 
4901 
21286 
4902 
21287 
4903 
21288 
4904 
21289 
4905 
21290 
4906 
21291 
4907 
21292 
4908 
21293 
4909 
21294 
4910 
21295 
4911 
21296 
4912 
21297 
4913 
21298 
4914 
21299 
4915 
21300 
4916 
21301 
4917 
21302 
4918 
21303 
4919 
21304 
4920 
21305 
4921 
21306 
4922 
21307 
4923 
21308 
4924 
21309 
4925 
21310 
4926 
21311 
4927 
21312 
4928 
21313 
4929 
21314 
4930 
21315 
4931 
21316 
4932 
21317 
4933 
21318 
4934 
21319 
4935 
21320 
4936 
21321 
4937 
21322 
4938 
21323 
4939 
21324 
4940 
21325 
4941 
21326 
4942 
21327 
4943 
21328 
4944 
21329 
4945 
21330 
4946 
21331 
4947 
21332 
4948 
4949 
4950 
4951 
4952 
4953 
4954 
4955 
4956 
4957 
4958 
4959 
4960 
4961 
4962 
4963 
4964 
4965 
4966 
4967 
4968 
4969 
4970 
4971 
4972 
4973 
4974 
4975 
4976 
4977 
4978 
4979 
4980 
4981 
4982 
21552 
21553 
21554 
21555 
21556 
21557 
21558 
21559 
21560 
21561 
21562 
21563 
21564 
21565 
21566 
21567 
21568 
21569 
21570 
21571 
21572 
21573 
21574 
21575 
21576 
21577 
21578 
21579 
21580 
21581 
21582 
21583 
21584 
21585 
21586 
5202 
21587 
5203 
21588 
5204 
21589 
5205 
21590 
5206 
21591 
5207 
21592 
5208 
21593 
5209 
21594 
5210 
21595 
5211 
21596 
5212 
21597 
5213 
21598 
5214 
21599 
5215 
21600 
5216 
21601 
5217 
21602 
5218 
21603 
5219 
21604 
5220 
21605 
5221 
21606 
5222 
21607 
5223 
21608 
5224 
21609 
5225 
21610 
5226 
21611 
5227 
21612 
5228 
21613 
5229 
21614 
5230 
21615 
5231 
21616 
5232 
21617 
5233 
21618 
5234 
21619 
5235 
21620 
5236 
21621 
5237 
21622 
5238 
21623 
5239 
21624 
5240 
21625 
5241 
21626 
5242 
21627 
5243 
21628 
5244 
21629 
5245 
21630 
5246 
21631 
5247 
21632 
5248 
21633 
5249 
21634 
5250 
21635 
5251 
21636 
5252 
21637 
5253 
21638 
5254 
21639 
5255 
21640 
5256 
21641 
5257 
21642 
5258 
21643 
5259 
21644 
5260 
21645 
5261 
21646 
5262 
21647 
5263 
21648 
5264 
21649 
5265 
21650 
5266 
21651 
5267 
21652 
5268 
21653 
5269 
21654 
5270 
21655 
5271 
21656 
5272 
21657 
5273 
21658 
5274 
21659 
5275 
21660 
5276 
21661 
5277 
21662 
5278 
21663 
5279 
21664 
5280 
21665 
5281 
21666 
5282 
21667 
5283 
21668 
5284 
21669 
5285 
21670 
5286 
21671 
5287 
21672 
5288 
21673 
5289 
21674 
5290 
21675 
5291 
21676 
5292 
21677 
5293 
21678 
5294 
21679 
5295 
21680 
5296 
21681 
5297 
21682 
5298 
21683 
5299 
21684 
5300 
21685 
5301 
21686 
5302 
21687 
5303 
21688 
5304 
21689 
5305 
21690 
5306 
21691 
5307 
21692 
5308 
21693 
5309 
21694 
5310 
21695 
5311 
21696 
5312 
21697 
5313 
21698 
5314 
21699 
5315 
21700 
5316 
21701 
5317 
21702 
5318 
21703 
5319 
21704 
5320 
21705 
5321 
21706 
5322 
21707 
5323 
21708 
5324 
21709 
5325 
21710 
5326 
21711 
5327 
21712 
5328 
21713 
5329 
21714 
5330 
21715 
5331 
21716 
5332 
21717 
5333 
21718 
5334 
21719 
5335 
21720 
5336 
21721 
5337 
21722 
5338 
21723 
5339 
21724 
5340 
21725 
5341 
21726 
5342 
21727 
5343 
21728 
5344 
21729 
5345 
21730 
5346 
21731 
5347 
21732 
5348 
5349 
5350 
5351 
5352 
5353 
5354 
5355 
5356 
5357 
5358 
5359 
5360 
5361 
5362 
5363 
5364 
5365 
5366 
5367 
5368 
5369 
5370 
5371 
5372 
5373 
5374 
5375 
5376 
5377 
5378 
5379 
5380 
5381 
5382 
21952 
21953 
21954 
21955 
21956 
21957 
21958 
21959 
21960 
21961 
21962 
21963 
21964 
21965 
21966 
21967 
21968 
21969 
21970 
21971 
21972 
21973 
21974 
21975 
21976 
21977 
21978 
21979 
21980 
21981 
21982 
21983 
21984 
21985 
21986 
5602 
21987 
5603 
21988 
5604 
21989 
5605 
21990 
5606 
21991 
5607 
21992 
5608 
21993 
5609 
21994 
5610 
21995 
5611 
21996 
5612 
21997 
5613 
21998 
5614 
21999 
5615 
22000 
5616 
22001 
5617 
22002 
5618 
22003 
5619 
22004 
5620 
22005 
5621 
22006 
5622 
22007 
5623 
22008 
5624 
22009 
5625 
22010 
5626 
22011 
5627 
22012 
5628 
22013 
5629 
22014 
5630 
22015 
5631 
22016 
5632 
22017 
5633 
22018 
5634 
22019 
5635 
22020 
5636 
22021 
5637 
22022 
5638 
22023 
5639 
22024 
5640 
22025 
5641 
22026 
5642 
22027 
5643 
22028 
5644 
22029 
5645 
22030 
5646 
22031 
5647 
22032 
5648 
22033 
5649 
22034 
5650 
22035 
5651 
22036 
5652 
22037 
5653 
22038 
5654 
22039 
5655 
22040 
5656 
22041 
5657 
22042 
5658 
22043 
5659 
22044 
5660 
22045 
5661 
22046 
5662 
22047 
5663 
22048 
5664 
22049 
5665 
22050 
5666 
22051 
5667 
22052 
5668 
22053 
5669 
22054 
5670 
22055 
5671 
22056 
5672 
22057 
5673 
22058 
5674 
22059 
5675 
22060 
5676 
22061 
5677 
22062 
5678 
22063 
5679 
22064 
5680 
22065 
5681 
22066 
5682 
22067 
5683 
22068 
5684 
22069 
5685 
22070 
5686 
22071 
5687 
22072 
5688 
22073 
5689 
22074 
5690 
22075 
5691 
22076 
5692 
22077 
5693 
22078 
5694 
22079 
5695 
22080 
5696 
22081 
5697 
22082 
5698 
22083 
5699 
22084 
5700 
22085 
5701 
22086 
5702 
22087 
5703 
22088 
5704 
22089 
5705 
22090 
5706 
22091 
5707 
22092 
5708 
22093 
5709 
22094 
5710 
22095 
5711 
22096 
5712 
22097 
5713 
22098 
5714 
22099 
5715 
22100 
5716 
22101 
5717 
22102 
5718 
22103 
5719 
22104 
5720 
22105 
5721 
22106 
5722 
22107 
5723 
22108 
5724 
22109 
5725 
22110 
5726 
22111 
5727 
22112 
5728 
22113 
5729 
22114 
5730 
22115 
5731 
22116 
5732 
22117 
5733 
22118 
5734 
22119 
5735 
22120 
5736 
22121 
5737 
22122 
5738 
22123 
5739 
22124 
5740 
22125 
5741 
22126 
5742 
22127 
5743 
22128 
5744 
22129 
5745 
22130 
5746 
22131 
5747 
22132 
5748 
5749 
5750 
5751 
5752 
5753 
5754 
5755 
5756 
5757 
5758 
5759 
5760 
5761 
5762 
5763 
5764 
5765 
5766 
5767 
5768 
5769 
5770 
5771 
5772 
5773 
5774 
5775 
5776 
5777 
5778 
5779 
5780 
5781 
5782 
22352 
22353 
22354 
22355 
22356 
22357 
22358 
22359 
22360 
22361 
22362 
22363 
22364 
22365 
22366 
22367 
22368 
22369 
22370 
22371 
22372 
22373 
22374 
22375 
22376 
22377 
22378 
22379 
22380 
22381 
22382 
22383 
22384 
22385 
22386 
6002 
22387 
6003 
22388 
6004 
22389 
6005 
22390 
6006 
22391 
6007 
22392 
6008 
22393 
6009 
22394 
6010 
22395 
6011 
22396 
6012 
22397 
6013 
22398 
6014 
22399 
6015 
22400 
6016 
22401 
6017 
22402 
6018 
22403 
6019 
22404 
6020 
22405 
6021 
22406 
6022 
22407 
6023 
22408 
6024 
22409 
6025 
22410 
6026 
22411 
6027 
22412 
6028 
22413 
6029 
22414 
6030 
22415 
6031 
22416 
6032 
22417 
6033 
22418 
6034 
22419 
6035 
22420 
6036 
22421 
6037 
22422 
6038 
22423 
6039 
22424 
6040 
22425 
6041 
22426 
6042 
22427 
6043 
22428 
6044 
22429 
6045 
22430 
6046 
22431 
6047 
22432 
6048 
22433 
6049 
22434 
6050 
22435 
6051 
22436 
6052 
22437 
6053 
22438 
6054 
22439 
6055 
22440 
6056 
22441 
6057 
22442 
6058 
22443 
6059 
22444 
6060 
22445 
6061 
22446 
6062 
22447 
6063 
22448 
6064 
22449 
6065 
22450 
6066 
22451 
6067 
22452 
6068 
22453 
6069 
22454 
6070 
22455 
6071 
22456 
6072 
22457 
6073 
22458 
6074 
22459 
6075 
22460 
6076 
22461 
6077 
22462 
6078 
22463 
6079 
22464 
6080 
22465 
6081 
22466 
6082 
22467 
6083 
22468 
6084 
22469 
6085 
22470 
6086 
22471 
6087 
22472 
6088 
22473 
6089 
22474 
6090 
22475 
6091 
22476 
6092 
22477 
6093 
22478 
6094 
22479 
6095 
22480 
6096 
22481 
6097 
22482 
6098 
22483 
6099 
22484 
6100 
22485 
6101 
22486 
6102 
22487 
6103 
22488 
6104 
22489 
6105 
22490 
6106 
22491 
6107 
22492 
6108 
22493 
6109 
22494 
6110 
22495 
6111 
22496 
6112 
22497 
6113 
22498 
6114 
22499 
6115 
22500 
6116 
22501 
6117 
22502 
6118 
22503 
6119 
22504 
6120 
22505 
6121 
22506 
6122 
22507 
6123 
22508 
6124 
22509 
6125 
22510 
6126 
22511 
6127 
22512 
6128 
22513 
6129 
22514 
6130 
22515 
6131 
22516 
6132 
22517 
6133 
22518 
6134 
22519 
6135 
22520 
6136 
22521 
6137 
22522 
6138 
22523 
6139 
22524 
6140 
22525 
6141 
22526 
6142 
22527 
6143 
22528 
6144 
22529 
6145 
22530 
6146 
22531 
6147 
22532 
6148 
6149 
6150 
6151 
6152 
6153 
6154 
6155 
6156 
6157 
6158 
6159 
6160 
6161 
6162 
6163 
6164 
6165 
6166 
6167 
6168 
6169 
6170 
6171 
6172 
6173 
6174 
6175 
6176 
6177 
6178 
6179 
6180 
6181 
6182 
6402 
6403 
6404 
6405 
6406 
6407 
6408 
6409 
6410 
6411 
6412 
6413 
6414 
6415 
6416 
6417 
6418 
6419 
6420 
6421 
6422 
6423 
6424 
6425 
6426 
6427 
6428 
6429 
6430 
6431 
6432 
6433 
6434 
6435 
6436 
6437 
6438 
6439 
6440 
6441 
6442 
6443 
6444 
6445 
6446 
6447 
6448 
6449 
6450 
6451 
6452 
6453 
6454 
6455 
6456 
6457 
6458 
6459 
6460 
6461 
6462 
6463 
6464 
6465 
6466 
6467 
6468 
6469 
6470 
6471 
6472 
6473 
6474 
6475 
6476 
6477 
6478 
6479 
6480 
6481 
6482 
6483 
6484 
6485 
6486 
6487 
6488 
6489 
6490 
6491 
6492 
6493 
6494 
6495 
6496 
6497 
6498 
6499 
6500 
6501 
6502 
6503 
6504 
6505 
6506 
6507 
6508 
6509 
6510 
6511 
6512 
6513 
6514 
6515 
6516 
6517 
6518 
6519 
6520 
6521 
6522 
6523 
6524 
6525 
6526 
6527 
6528 
6529 
6530 
6531 
6532 
6533 
6534 
6535 
6536 
6537 
6538 
6539 
6540 
6541 
6542 
6543 
6544 
6545 
6546 
6547 
6548 
6549 
6550 
6551 
6552 
6553 
6554 
6555 
6556 
6557 
6558 
6559 
6560 
6561 
6562 
6563 
6564 
6565 
6566 
6567 
6568 
6569 
6570 
6571 
6572 
6573 
6574 
6575 
6576 
6577 
6578 
6579 
6580 
6581 
6582 
6802 
6803 
6804 
6805 
6806 
6807 
6808 
6809 
6810 
6811 
6812 
6813 
6814 
6815 
6816 
6817 
6818 
6819 
6820 
6821 
6822 
6823 
6824 
6825 
6826 
6827 
6828 
6829 
6830 
6831 
6832 
6833 
6834 
6835 
6836 
6837 
6838 
6839 
6840 
6841 
6842 
6843 
6844 
6845 
6846 
6847 
6848 
6849 
6850 
6851 
6852 
6853 
6854 
6855 
6856 
6857 
6858 
6859 
6860 
6861 
6862 
6863 
6864 
6865 
6866 
6867 
6868 
6869 
6870 
6871 
6872 
6873 
6874 
6875 
6876 
6877 
6878 
6879 
6880 
6881 
6882 
6883 
6884 
6885 
6886 
6887 
6888 
6889 
6890 
6891 
6892 
6893 
6894 
6895 
6896 
6897 
6898 
6899 
6900 
6901 
6902 
6903 
6904 
6905 
6906 
6907 
6908 
6909 
6910 
6911 
6912 
6913 
6914 
6915 
6916 
6917 
6918 
6919 
6920 
6921 
6922 
6923 
6924 
6925 
6926 
6927 
6928 
6929 
6930 
6931 
6932 
6933 
6934 
6935 
6936 
6937 
6938 
6939 
6940 
6941 
6942 
6943 
6944 
6945 
6946 
6947 
6948 
6949 
6950 
6951 
6952 
6953 
6954 
6955 
6956 
6957 
6958 
6959 
6960 
6961 
6962 
6963 
6964 
6965 
6966 
6967 
6968 
6969 
6970 
6971 
6972 
6973 
6974 
6975 
6976 
6977 
6978 
6979 
6980 
6981 
6982 
7202 
7203 
7204 
7205 
7206 
7207 
7208 
7209 
7210 
7211 
7212 
7213 
7214 
7215 
7216 
7217 
7218 
7219 
7220 
7221 
7222 
7223 
7224 
7225 
7226 
7227 
7228 
7229 
7230 
7231 
7232 
7233 
7234 
7235 
7236 
7237 
7238 
7239 
7240 
7241 
7242 
7243 
7244 
7245 
7246 
7247 
7248 
7249 
7250 
7251 
7252 
7253 
7254 
7255 
7256 
7257 
7258 
7259 
7260 
7261 
7262 
7263 
7264 
7265 
7266 
7267 
7268 
7269 
7270 
7271 
7272 
7273 
7274 
7275 
7276 
7277 
7278 
7279 
7280 
7281 
7282 
7283 
7284 
7285 
7286 
7287 
7288 
7289 
7290 
7291 
7292 
7293 
7294 
7295 
7296 
7297 
7298 
7299 
7300 
7301 
7302 
7303 
7304 
7305 
7306 
7307 
7308 
7309 
7310 
7311 
7312 
7313 
7314 
7315 
7316 
7317 
7318 
7319 
7320 
7321 
7322 
7323 
7324 
7325 
7326 
7327 
7328 
7329 
7330 
7331 
7332 
7333 
7334 
7335 
7336 
7337 
7338 
7339 
7340 
7341 
7342 
7343 
7344 
7345 
7346 
7347 
7348 
7349 
7350 
7351 
7352 
7353 
7354 
7355 
7356 
7357 
7358 
7359 
7360 
7361 
7362 
7363 
7364 
7365 
7366 
7367 
7368 
7369 
7370 
7371 
7372 
7373 
7374 
7375 
7376 
7377 
7378 
7379 
7380 
7381 
7382 
7602 
7603 
7604 
7605 
7606 
7607 
7608 
7609 
7610 
7611 
7612 
7613 
7614 
7615 
7616 
7617 
7618 
7619 
7620 
7621 
7622 
7623 
7624 
7625 
7626 
7627 
7628 
7629 
7630 
7631 
7632 
7633 
7634 
7635 
7636 
7637 
7638 
7639 
7640 
7641 
7642 
7643 
7644 
7645 
7646 
7647 
7648 
7649 
7650 
7651 
7652 
7653 
7654 
7655 
7656 
7657 
7658 
7659 
7660 
7661 
7662 
7663 
7664 
7665 
7666 
7667 
7668 
7669 
7670 
7671 
7672 
7673 
7674 
7675 
7676 
7677 
7678 
7679 
7680 
7681 
7682 
7683 
7684 
7685 
7686 
7687 
7688 
7689 
7690 
7691 
7692 
7693 
7694 
7695 
7696 
7697 
7698 
7699 
7700 
7701 
7702 
7703 
7704 
7705 
7706 
7707 
7708 
7709 
7710 
7711 
7712 
7713 
7714 
7715 
7716 
7717 
7718 
7719 
7720 
7721 
7722 
7723 
7724 
7725 
7726 
7727 
7728 
7729 
7730 
7731 
7732 
7733 
7734 
7735 
7736 
7737 
7738 
7739 
7740 
7741 
7742 
7743 
7744 
7745 
7746 
7747 
7748 
7749 
7750 
7751 
7752 
7753 
7754 
7755 
7756 
7757 
7758 
7759 
7760 
7761 
7762 
7763 
7764 
7765 
7766 
7767 
7768 
7769 
7770 
7771 
7772 
7773 
7774 
7775 
7776 
7777 
7778 
7779 
7780 
7781 
7782 
8002 
8003 
8004 
8005 
8006 
8007 
8008 
8009 
8010 
8011 
8012 
8013 
8014 
8015 
8016 
8017 
8018 
8019 
8020 
8021 
8022 
8023 
8024 
8025 
8026 
8027 
8028 
8029 
8030 
8031 
8032 
8033 
8034 
8035 
8036 
8037 
8038 
8039 
8040 
8041 
8042 
8043 
8044 
8045 
8046 
8047 
8048 
8049 
8050 
8051 
8052 
8053 
8054 
8055 
8056 
8057 
8058 
8059 
8060 
8061 
8062 
8063 
8064 
8065 
8066 
8067 
8068 
8069 
8070 
8071 
8072 
8073 
8074 
8075 
8076 
8077 
8078 
8079 
8080 
8081 
8082 
8083 
8084 
8085 
8086 
8087 
8088 
8089 
8090 
8091 
8092 
8093 
8094 
8095 
8096 
8097 
8098 
8099 
8100 
8101 
8102 
8103 
8104 
8105 
8106 
8107 
8108 
8109 
8110 
8111 
8112 
8113 
8114 
8115 
8116 
8117 
8118 
8119 
8120 
8121 
8122 
8123 
8124 
8125 
8126 
8127 
8128 
8129 
8130 
8131 
8132 
8133 
8134 
8135 
8136 
8137 
8138 
8139 
8140 
8141 
8142 
8143 
8144 
8145 
8146 
8147 
8148 
8149 
8150 
8151 
8152 
8153 
8154 
8155 
8156 
8157 
8158 
8159 
8160 
8161 
8162 
8163 
8164 
8165 
8166 
8167 
8168 
8169 
8170 
8171 
8172 
8173 
8174 
8175 
8176 
8177 
8178 
8179 
8180 
8181 
8182 
8402 
8403 
8404 
8405 
8406 
8407 
8408 
8409 
8410 
8411 
8412 
8413 
8414 
8415 
8416 
8417 
8418 
8419 
8420 
8421 
8422 
8423 
8424 
8425 
8426 
8427 
8428 
8429 
8430 
8431 
8432 
8433 
8434 
8435 
8436 
8437 
8438 
8439 
8440 
8441 
8442 
8443 
8444 
8445 
8446 
8447 
8448 
8449 
8450 
8451 
8452 
8453 
8454 
8455 
8456 
8457 
8458 
8459 
8460 
8461 
8462 
8463 
8464 
8465 
8466 
8467 
8468 
8469 
8470 
8471 
8472 
8473 
8474 
8475 
8476 
8477 
8478 
8479 
8480 
8481 
8482 
8483 
8484 
8485 
8486 
8487 
8488 
8489 
8490 
8491 
8492 
8493 
8494 
8495 
8496 
8497 
8498 
8499 
8500 
8501 
8502 
8503 
8504 
8505 
8506 
8507 
8508 
8509 
8510 
8511 
8512 
8513 
8514 
8515 
8516 
8517 
8518 
8519 
8520 
8521 
8522 
8523 
8524 
8525 
8526 
8527 
8528 
8529 
8530 
8531 
8532 
8533 
8534 
8535 
8536 
8537 
8538 
8539 
8540 
8541 
8542 
8543 
8544 
8545 
8546 
8547 
8548 
8549 
8550 
8551 
8552 
8553 
8554 
8555 
8556 
8557 
8558 
8559 
8560 
8561 
8562 
8563 
8564 
8565 
8566 
8567 
8568 
8569 
8570 
8571 
8572 
8573 
8574 
8575 
8576 
8577 
8578 
8579 
8580 
8581 
8582 
8802 
8803 
8804 
8805 
8806 
8807 
8808 
8809 
8810 
8811 
8812 
8813 
8814 
8815 
8816 
8817 
8818 
8819 
8820 
8821 
8822 
8823 
8824 
8825 
8826 
8827 
8828 
8829 
8830 
8831 
8832 
8833 
8834 
8835 
8836 
8837 
8838 
8839 
8840 
8841 
8842 
8843 
8844 
8845 
8846 
8847 
8848 
8849 
8850 
8851 
8852 
8853 
8854 
8855 
8856 
8857 
8858 
8859 
8860 
8861 
8862 
8863 
8864 
8865 
8866 
8867 
8868 
8869 
8870 
8871 
8872 
8873 
8874 
8875 
8876 
8877 
8878 
8879 
8880 
8881 
8882 
8883 
8884 
8885 
8886 
8887 
8888 
8889 
8890 
8891 
8892 
8893 
8894 
8895 
8896 
8897 
8898 
8899 
8900 
8901 
8902 
8903 
8904 
8905 
8906 
8907 
8908 
8909 
8910 
8911 
8912 
8913 
8914 
8915 
8916 
8917 
8918 
8919 
8920 
8921 
8922 
8923 
8924 
8925 
8926 
8927 
8928 
8929 
8930 
8931 
8932 
8933 
8934 
8935 
8936 
8937 
8938 
8939 
8940 
8941 
8942 
8943 
8944 
8945 
8946 
8947 
8948 
8949 
8950 
8951 
8952 
8953 
8954 
8955 
8956 
8957 
8958 
8959 
8960 
8961 
8962 
8963 
8964 
8965 
8966 
8967 
8968 
8969 
8970 
8971 
8972 
8973 
8974 
8975 
8976 
8977 
8978 
8979 
8980 
8981 
8982 
9202 
9203 
9204 
9205 
9206 
9207 
9208 
9209 
9210 
9211 
9212 
9213 
9214 
9215 
9216 
9217 
9218 
9219 
9220 
9221 
9222 
9223 
9224 
9225 
9226 
9227 
9228 
9229 
9230 
9231 
9232 
9233 
9234 
9235 
9236 
9237 
9238 
9239 
9240 
9241 
9242 
9243 
9244 
9245 
9246 
9247 
9248 
9249 
9250 
9251 
9252 
9253 
9254 
9255 
9256 
9257 
9258 
9259 
9260 
9261 
9262 
9263 
9264 
9265 
9266 
9267 
9268 
9269 
9270 
9271 
9272 
9273 
9274 
9275 
9276 
9277 
9278 
9279 
9280 
9281 
9282 
9283 
9284 
9285 
9286 
9287 
9288 
9289 
9290 
9291 
9292 
9293 
9294 
9295 
9296 
9297 
9298 
9299 
9300 
9301 
9302 
9303 
9304 
9305 
9306 
9307 
9308 
9309 
9310 
9311 
9312 
9313 
9314 
9315 
9316 
9317 
9318 
9319 
9320 
9321 
9322 
9323 
9324 
9325 
9326 
9327 
9328 
9329 
9330 
9331 
9332 
9333 
9334 
9335 
9336 
9337 
9338 
9339 
9340 
9341 
9342 
9343 
9344 
9345 
9346 
9347 
9348 
9349 
9350 
9351 
9352 
9353 
9354 
9355 
9356 
9357 
9358 
9359 
9360 
9361 
9362 
9363 
9364 
9365 
9366 
9367 
9368 
9369 
9370 
9371 
9372 
9373 
9374 
9375 
9376 
9377 
9378 
9379 
9380 
9381 
9382 
9602 
9603 
9604 
9605 
9606 
9607 
9608 
9609 
9610 
9611 
9612 
9613 
9614 
9615 
9616 
9617 
9618 
9619 
9620 
9621 
9622 
9623 
9624 
9625 
9626 
9627 
9628 
9629 
9630 
9631 
9632 
9633 
9634 
9635 
9636 
9637 
9638 
9639 
9640 
9641 
9642 
9643 
9644 
9645 
9646 
9647 
9648 
9649 
9650 
9651 
9652 
9653 
9654 
9655 
9656 
9657 
9658 
9659 
9660 
9661 
9662 
9663 
9664 
9665 
9666 
9667 
9668 
9669 
9670 
9671 
9672 
9673 
9674 
9675 
9676 
9677 
9678 
9679 
9680 
9681 
9682 
9683 
9684 
9685 
9686 
9687 
9688 
9689 
9690 
9691 
9692 
9693 
9694 
9695 
9696 
9697 
9698 
9699 
9700 
9701 
9702 
9703 
9704 
9705 
9706 
9707 
9708 
9709 
9710 
9711 
9712 
9713 
9714 
9715 
9716 
9717 
9718 
9719 
9720 
9721 
9722 
9723 
9724 
9725 
9726 
9727 
9728 
9729 
9730 
9731 
9732 
9733 
9734 
9735 
9736 
9737 
9738 
9739 
9740 
9741 
9742 
9743 
9744 
9745 
9746 
9747 
9748 
9749 
9750 
9751 
9752 
9753 
9754 
9755 
9756 
9757 
9758 
9759 
9760 
9761 
9762 
9763 
9764 
9765 
9766 
9767 
9768 
9769 
9770 
9771 
9772 
9773 
9774 
9775 
9776 
9777 
9778 
9779 
9780 
9781 
9782 
10002 
10003 
10004 
10005 
10006 
10007 
10008 
10009 
10010 
10011 
10012 
10013 
10014 
10015 
10016 
10017 
10018 
10019 
10020 
10021 
10022 
10023 
10024 
10025 
10026 
10027 
10028 
10029 
10030 
10031 
10032 
10033 
10034 
10035 
10036 
10037 
10038 
10039 
10040 
10041 
10042 
10043 
10044 
10045 
10046 
10047 
10048 
10049 
10050 
10051 
10052 
10053 
10054 
10055 
10056 
10057 
10058 
10059 
10060 
10061 
10062 
10063 
10064 
10065 
10066 
10067 
10068 
10069 
10070 
10071 
10072 
10073 
10074 
10075 
10076 
10077 
10078 
10079 
10080 
10081 
10082 
10083 
10084 
10085 
10086 
10087 
10088 
10089 
10090 
10091 
10092 
10093 
10094 
10095 
10096 
10097 
10098 
10099 
10100 
10101 
10102 
10103 
10104 
10105 
10106 
10107 
10108 
10109 
10110 
10111 
10112 
10113 
10114 
10115 
10116 
10117 
10118 
10119 
10120 
10121 
10122 
10123 
10124 
10125 
10126 
10127 
10128 
10129 
10130 
10131 
10132 
10133 
10134 
10135 
10136 
10137 
10138 
10139 
10140 
10141 
10142 
10143 
10144 
10145 
10146 
10147 
10148 
10149 
10150 
10151 
10152 
10153 
10154 
10155 
10156 
10157 
10158 
10159 
10160 
10161 
10162 
10163 
10164 
10165 
10166 
10167 
10168 
10169 
10170 
10171 
10172 
10173 
10174 
10175 
10176 
10177 
10178 
10179 
10180 
10181 
10182 
10402 
10403 
10404 
10405 
10406 
10407 
10408 
10409 
10410 
10411 
10412 
10413 
10414 
10415 
10416 
10417 
10418 
10419 
10420 
10421 
10422 
10423 
10424 
10425 
10426 
10427 
10428 
10429 
10430 
10431 
10432 
10433 
10434 
10435 
10436 
10437 
10438 
10439 
10440 
10441 
10442 
10443 
10444 
10445 
10446 
10447 
10448 
10449 
10450 
10451 
10452 
10453 
10454 
10455 
10456 
10457 
10458 
10459 
10460 
10461 
10462 
10463 
10464 
10465 
10466 
10467 
10468 
10469 
10470 
10471 
10472 
10473 
10474 
10475 
10476 
10477 
10478 
10479 
10480 
10481 
10482 
10483 
10484 
10485 
10486 
10487 
10488 
10489 
10490 
10491 
10492 
10493 
10494 
10495 
10496 
10497 
10498 
10499 
10500 
10501 
10502 
10503 
10504 
10505 
10506 
10507 
10508 
10509 
10510 
10511 
10512 
10513 
10514 
10515 
10516 
10517 
10518 
10519 
10520 
10521 
10522 
10523 
10524 
10525 
10526 
10527 
10528 
10529 
10530 
10531 
10532 
10533 
10534 
10535 
10536 
10537 
10538 
10539 
10540 
10541 
10542 
10543 
10544 
10545 
10546 
10547 
10548 
10549 
10550 
10551 
10552 
10553 
10554 
10555 
10556 
10557 
10558 
10559 
10560 
10561 
10562 
10563 
10564 
10565 
10566 
10567 
10568 
10569 
10570 
10571 
10572 
10573 
10574 
10575 
10576 
10577 
10578 
10579 
10580 
10581 
10582 
10802 
10803 
10804 
10805 
10806 
10807 
10808 
10809 
10810 
10811 
10812 
10813 
10814 
10815 
10816 
10817 
10818 
10819 
10820 
10821 
10822 
10823 
10824 
10825 
10826 
10827 
10828 
10829 
10830 
10831 
10832 
10833 
10834 
10835 
10836 
10837 
10838 
10839 
10840 
10841 
10842 
10843 
10844 
10845 
10846 
10847 
10848 
10849 
10850 
10851 
10852 
10853 
10854 
10855 
10856 
10857 
10858 
10859 
10860 
10861 
10862 
10863 
10864 
10865 
10866 
10867 
10868 
10869 
10870 
10871 
10872 
10873 
10874 
10875 
10876 
10877 
10878 
10879 
10880 
10881 
10882 
10883 
10884 
10885 
10886 
10887 
10888 
10889 
10890 
10891 
10892 
10893 
10894 
10895 
10896 
10897 
10898 
10899 
10900 
10901 
10902 
10903 
10904 
10905 
10906 
10907 
10908 
10909 
10910 
10911 
10912 
10913 
10914 
10915 
10916 
10917 
10918 
10919 
10920 
10921 
10922 
10923 
10924 
10925 
10926 
10927 
10928 
10929 
10930 
10931 
10932 
10933 
10934 
10935 
10936 
10937 
10938 
10939 
10940 
10941 
10942 
10943 
10944 
10945 
10946 
10947 
10948 
10949 
10950 
10951 
10952 
10953 
10954 
10955 
10956 
10957 
10958 
10959 
10960 
10961 
10962 
10963 
10964 
10965 
10966 
10967 
10968 
10969 
10970 
10971 
10972 
10973 
10974 
10975 
10976 
10977 
10978 
10979 
10980 
10981 
10982 
11202 
11203 
11204 
11205 
11206 
11207 
11208 
11209 
11210 
11211 
11212 
11213 
11214 
11215 
11216 
11217 
11218 
11219 
11220 
11221 
11222 
11223 
11224 
11225 
11226 
11227 
11228 
11229 
11230 
11231 
11232 
11233 
11234 
11235 
11236 
11237 
11238 
11239 
11240 
11241 
11242 
11243 
11244 
11245 
11246 
11247 
11248 
11249 
11250 
11251 
11252 
11253 
11254 
11255 
11256 
11257 
11258 
11259 
11260 
11261 
11262 
11263 
11264 
11265 
11266 
11267 
11268 
11269 
11270 
11271 
11272 
11273 
11274 
11275 
11276 
11277 
11278 
11279 
11280 
11281 
11282 
11283 
11284 
11285 
11286 
11287 
11288 
11289 
11290 
11291 
11292 
11293 
11294 
11295 
11296 
11297 
11298 
11299 
11300 
11301 
11302 
11303 
11304 
11305 
11306 
11307 
11308 
11309 
11310 
11311 
11312 
11313 
11314 
11315 
11316 
11317 
11318 
11319 
11320 
11321 
11322 
11323 
11324 
11325 
11326 
11327 
11328 
11329 
11330 
11331 
11332 
11333 
11334 
11335 
11336 
11337 
11338 
11339 
11340 
11341 
11342 
11343 
11344 
11345 
11346 
11347 
11348 
11349 
11350 
11351 
11352 
11353 
11354 
11355 
11356 
11357 
11358 
11359 
11360 
11361 
11362 
11363 
11364 
11365 
11366 
11367 
11368 
11369 
11370 
11371 
11372 
11373 
11374 
11375 
11376 
11377 
11378 
11379 
11380 
11381 
11382 
11602 
11603 
11604 
11605 
11606 
11607 
11608 
11609 
11610 
11611 
11612 
11613 
11614 
11615 
11616 
11617 
11618 
11619 
11620 
11621 
11622 
11623 
11624 
11625 
11626 
11627 
11628 
11629 
11630 
11631 
11632 
11633 
11634 
11635 
11636 
11637 
11638 
11639 
11640 
11641 
11642 
11643 
11644 
11645 
11646 
11647 
11648 
11649 
11650 
11651 
11652 
11653 
11654 
11655 
11656 
11657 
11658 
11659 
11660 
11661 
11662 
11663 
11664 
11665 
11666 
11667 
11668 
11669 
11670 
11671 
11672 
11673 
11674 
11675 
11676 
11677 
11678 
11679 
11680 
11681 
11682 
11683 
11684 
11685 
11686 
11687 
11688 
11689 
11690 
11691 
11692 
11693 
11694 
11695 
11696 
11697 
11698 
11699 
11700 
11701 
11702 
11703 
11704 
11705 
11706 
11707 
11708 
11709 
11710 
11711 
11712 
11713 
11714 
11715 
11716 
11717 
11718 
11719 
11720 
11721 
11722 
11723 
11724 
11725 
11726 
11727 
11728 
11729 
11730 
11731 
11732 
11733 
11734 
11735 
11736 
11737 
11738 
11739 
11740 
11741 
11742 
11743 
11744 
11745 
11746 
11747 
11748 
11749 
11750 
11751 
11752 
11753 
11754 
11755 
11756 
11757 
11758 
11759 
11760 
11761 
11762 
11763 
11764 
11765 
11766 
11767 
11768 
11769 
11770 
11771 
11772 
11773 
11774 
11775 
11776 
11777 
11778 
11779 
11780 
11781 
11782 
12002 
12003 
12004 
12005 
12006 
12007 
12008 
12009 
12010 
12011 
12012 
12013 
12014 
12015 
12016 
12017 
12018 
12019 
12020 
12021 
12022 
12023 
12024 
12025 
12026 
12027 
12028 
12029 
12030 
12031 
12032 
12033 
12034 
12035 
12036 
12037 
12038 
12039 
12040 
12041 
12042 
12043 
12044 
12045 
12046 
12047 
12048 
12049 
12050 
12051 
12052 
12053 
12054 
12055 
12056 
12057 
12058 
12059 
12060 
12061 
12062 
12063 
12064 
12065 
12066 
12067 
12068 
12069 
12070 
12071 
12072 
12073 
12074 
12075 
12076 
12077 
12078 
12079 
12080 
12081 
12082 
12083 
12084 
12085 
12086 
12087 
12088 
12089 
12090 
12091 
12092 
12093 
12094 
12095 
12096 
12097 
12098 
12099 
12100 
12101 
12102 
12103 
12104 
12105 
12106 
12107 
12108 
12109 
12110 
12111 
12112 
12113 
12114 
12115 
12116 
12117 
12118 
12119 
12120 
12121 
12122 
12123 
12124 
12125 
12126 
12127 
12128 
12129 
12130 
12131 
12132 
12133 
12134 
12135 
12136 
12137 
12138 
12139 
12140 
12141 
12142 
12143 
12144 
12145 
12146 
12147 
12148 
12149 
12150 
12151 
12152 
12153 
12154 
12155 
12156 
12157 
12158 
12159 
12160 
12161 
12162 
12163 
12164 
12165 
12166 
12167 
12168 
12169 
12170 
12171 
12172 
12173 
12174 
12175 
12176 
12177 
12178 
12179 
12180 
12181 
12182 
12402 
12403 
12404 
12405 
12406 
12407 
12408 
12409 
12410 
12411 
12412 
12413 
12414 
12415 
12416 
12417 
12418 
12419 
12420 
12421 
12422 
12423 
12424 
12425 
12426 
12427 
12428 
12429 
12430 
12431 
12432 
12433 
12434 
12435 
12436 
12437 
12438 
12439 
12440 
12441 
12442 
12443 
12444 
12445 
12446 
12447 
12448 
12449 
12450 
12451 
12452 
12453 
12454 
12455 
12456 
12457 
12458 
12459 
12460 
12461 
12462 
12463 
12464 
12465 
12466 
12467 
12468 
12469 
12470 
12471 
12472 
12473 
12474 
12475 
12476 
12477 
12478 
12479 
12480 
12481 
12482 
12483 
12484 
12485 
12486 
12487 
12488 
12489 
12490 
12491 
12492 
12493 
12494 
12495 
12496 
12497 
12498 
12499 
12500 
12501 
12502 
12503 
12504 
12505 
12506 
12507 
12508 
12509 
12510 
12511 
12512 
12513 
12514 
12515 
12516 
12517 
12518 
12519 
12520 
12521 
12522 
12523 
12524 
12525 
12526 
12527 
12528 
12529 
12530 
12531 
12532 
12533 
12534 
12535 
12536 
12537 
12538 
12539 
12540 
12541 
12542 
12543 
12544 
12545 
12546 
12547 
12548 
12549 
12550 
12551 
12552 
12553 
12554 
12555 
12556 
12557 
12558 
12559 
12560 
12561 
12562 
12563 
12564 
12565 
12566 
12567 
12568 
12569 
12570 
12571 
12572 
12573 
12574 
12575 
12576 
12577 
12578 
12579 
12580 
12581 
12582 
12802 
12803 
12804 
12805 
12806 
12807 
12808 
12809 
12810 
12811 
12812 
12813 
12814 
12815 
12816 
12817 
12818 
12819 
12820 
12821 
12822 
12823 
12824 
12825 
12826 
12827 
12828 
12829 
12830 
12831 
12832 
12833 
12834 
12835 
12836 
12837 
12838 
12839 
12840 
12841 
12842 
12843 
12844 
12845 
12846 
12847 
12848 
12849 
12850 
12851 
12852 
12853 
12854 
12855 
12856 
12857 
12858 
12859 
12860 
12861 
12862 
12863 
12864 
12865 
12866 
12867 
12868 
12869 
12870 
12871 
12872 
12873 
12874 
12875 
12876 
12877 
12878 
12879 
12880 
12881 
12882 
12883 
12884 
12885 
12886 
12887 
12888 
12889 
12890 
12891 
12892 
12893 
12894 
12895 
12896 
12897 
12898 
12899 
12900 
12901 
12902 
12903 
12904 
12905 
12906 
12907 
12908 
12909 
12910 
12911 
12912 
12913 
12914 
12915 
12916 
12917 
12918 
12919 
12920 
12921 
12922 
12923 
12924 
12925 
12926 
12927 
12928 
12929 
12930 
12931 
12932 
12933 
12934 
12935 
12936 
12937 
12938 
12939 
12940 
12941 
12942 
12943 
12944 
12945 
12946 
12947 
12948 
12949 
12950 
12951 
12952 
12953 
12954 
12955 
12956 
12957 
12958 
12959 
12960 
12961 
12962 
12963 
12964 
12965 
12966 
12967 
12968 
12969 
12970 
12971 
12972 
12973 
12974 
12975 
12976 
12977 
12978 
12979 
12980 
12981 
12982 
13202 
13203 
13204 
13205 
13206 
13207 
13208 
13209 
13210 
13211 
13212 
13213 
13214 
13215 
13216 
13217 
13218 
13219 
13220 
13221 
13222 
13223 
13224 
13225 
13226 
13227 
13228 
13229 
13230 
13231 
13232 
13233 
13234 
13235 
13236 
13237 
13238 
13239 
13240 
13241 
13242 
13243 
13244 
13245 
13246 
13247 
13248 
13249 
13250 
13251 
13252 
13253 
13254 
13255 
13256 
13257 
13258 
13259 
13260 
13261 
13262 
13263 
13264 
13265 
13266 
13267 
13268 
13269 
13270 
13271 
13272 
13273 
13274 
13275 
13276 
13277 
13278 
13279 
13280 
13281 
13282 
13283 
13284 
13285 
13286 
13287 
13288 
13289 
13290 
13291 
13292 
13293 
13294 
13295 
13296 
13297 
13298 
13299 
13300 
13301 
13302 
13303 
13304 
13305 
13306 
13307 
13308 
13309 
13310 
13311 
13312 
13313 
13314 
13315 
13316 
13317 
13318 
13319 
13320 
13321 
13322 
13323 
13324 
13325 
13326 
13327 
13328 
13329 
13330 
13331 
13332 
13333 
13334 
13335 
13336 
13337 
13338 
13339 
13340 
13341 
13342 
13343 
13344 
13345 
13346 
13347 
13348 
13349 
13350 
13351 
13352 
13353 
13354 
13355 
13356 
13357 
13358 
13359 
13360 
13361 
13362 
13363 
13364 
13365 
13366 
13367 
13368 
13369 
13370 
13371 
13372 
13373 
13374 
13375 
13376 
13377 
13378 
13379 
13380 
13381 
13382 
13602 
13603 
13604 
13605 
13606 
13607 
13608 
13609 
13610 
13611 
13612 
13613 
13614 
13615 
13616 
13617 
13618 
13619 
13620 
13621 
13622 
13623 
13624 
13625 
13626 
13627 
13628 
13629 
13630 
13631 
13632 
13633 
13634 
13635 
13636 
13637 
13638 
13639 
13640 
13641 
13642 
13643 
13644 
13645 
13646 
13647 
13648 
13649 
13650 
13651 
13652 
13653 
13654 
13655 
13656 
13657 
13658 
13659 
13660 
13661 
13662 
13663 
13664 
13665 
13666 
13667 
13668 
13669 
13670 
13671 
13672 
13673 
13674 
13675 
13676 
13677 
13678 
13679 
13680 
13681 
13682 
13683 
13684 
13685 
13686 
13687 
13688 
13689 
13690 
13691 
13692 
13693 
13694 
13695 
13696 
13697 
13698 
13699 
13700 
13701 
13702 
13703 
13704 
13705 
13706 
13707 
13708 
13709 
13710 
13711 
13712 
13713 
13714 
13715 
13716 
13717 
13718 
13719 
13720 
13721 
13722 
13723 
13724 
13725 
13726 
13727 
13728 
13729 
13730 
13731 
13732 
13733 
13734 
13735 
13736 
13737 
13738 
13739 
13740 
13741 
13742 
13743 
13744 
13745 
13746 
13747 
13748 
13749 
13750 
13751 
13752 
13753 
13754 
13755 
13756 
13757 
13758 
13759 
13760 
13761 
13762 
13763 
13764 
13765 
13766 
13767 
13768 
13769 
13770 
13771 
13772 
13773 
13774 
13775 
13776 
13777 
13778 
13779 
13780 
13781 
13782 
14002 
14003 
14004 
14005 
14006 
14007 
14008 
14009 
14010 
14011 
14012 
14013 
14014 
14015 
14016 
14017 
14018 
14019 
14020 
14021 
14022 
14023 
14024 
14025 
14026 
14027 
14028 
14029 
14030 
14031 
14032 
14033 
14034 
14035 
14036 
14037 
14038 
14039 
14040 
14041 
14042 
14043 
14044 
14045 
14046 
14047 
14048 
14049 
14050 
14051 
14052 
14053 
14054 
14055 
14056 
14057 
14058 
14059 
14060 
14061 
14062 
14063 
14064 
14065 
14066 
14067 
14068 
14069 
14070 
14071 
14072 
14073 
14074 
14075 
14076 
14077 
14078 
14079 
14080 
14081 
14082 
14083 
14084 
14085 
14086 
14087 
14088 
14089 
14090 
14091 
14092 
14093 
14094 
14095 
14096 
14097 
14098 
14099 
14100 
14101 
14102 
14103 
14104 
14105 
14106 
14107 
14108 
14109 
14110 
14111 
14112 
14113 
14114 
14115 
14116 
14117 
14118 
14119 
14120 
14121 
14122 
14123 
14124 
14125 
14126 
14127 
14128 
14129 
14130 
14131 
14132 
14133 
14134 
14135 
14136 
14137 
14138 
14139 
14140 
14141 
14142 
14143 
14144 
14145 
14146 
14147 
14148 
14149 
14150 
14151 
14152 
14153 
14154 
14155 
14156 
14157 
14158 
14159 
14160 
14161 
14162 
14163 
14164 
14165 
14166 
14167 
14168 
14169 
14170 
14171 
14172 
14173 
14174 
14175 
14176 
14177 
14178 
14179 
14180 
14181 
14182 
14402 
14403 
14404 
14405 
14406 
14407 
14408 
14409 
14410 
14411 
14412 
14413 
14414 
14415 
14416 
14417 
14418 
14419 
14420 
14421 
14422 
14423 
14424 
14425 
14426 
14427 
14428 
14429 
14430 
14431 
14432 
14433 
14434 
14435 
14436 
14437 
14438 
14439 
14440 
14441 
14442 
14443 
14444 
14445 
14446 
14447 
14448 
14449 
14450 
14451 
14452 
14453 
14454 
14455 
14456 
14457 
14458 
14459 
14460 
14461 
14462 
14463 
14464 
14465 
14466 
14467 
14468 
14469 
14470 
14471 
14472 
14473 
14474 
14475 
14476 
14477 
14478 
14479 
14480 
14481 
14482 
14483 
14484 
14485 
14486 
14487 
14488 
14489 
14490 
14491 
14492 
14493 
14494 
14495 
14496 
14497 
14498 
14499 
14500 
14501 
14502 
14503 
14504 
14505 
14506 
14507 
14508 
14509 
14510 
14511 
14512 
14513 
14514 
14515 
14516 
14517 
14518 
14519 
14520 
14521 
14522 
14523 
14524 
14525 
14526 
14527 
14528 
14529 
14530 
14531 
14532 
14533 
14534 
14535 
14536 
14537 
14538 
14539 
14540 
14541 
14542 
14543 
14544 
14545 
14546 
14547 
14548 
14549 
14550 
14551 
14552 
14553 
14554 
14555 
14556 
14557 
14558 
14559 
14560 
14561 
14562 
14563 
14564 
14565 
14566 
14567 
14568 
14569 
14570 
14571 
14572 
14573 
14574 
14575 
14576 
14577 
14578 
14579 
14580 
14581 
14582 
14802 
14803 
14804 
14805 
14806 
14807 
14808 
14809 
14810 
14811 
14812 
14813 
14814 
14815 
14816 
14817 
14818 
14819 
14820 
14821 
14822 
14823 
14824 
14825 
14826 
14827 
14828 
14829 
14830 
14831 
14832 
14833 
14834 
14835 
14836 
14837 
14838 
14839 
14840 
14841 
14842 
14843 
14844 
14845 
14846 
14847 
14848 
14849 
14850 
14851 
14852 
14853 
14854 
14855 
14856 
14857 
14858 
14859 
14860 
14861 
14862 
14863 
14864 
14865 
14866 
14867 
14868 
14869 
14870 
14871 
14872 
14873 
14874 
14875 
14876 
14877 
14878 
14879 
14880 
14881 
14882 
14883 
14884 
14885 
14886 
14887 
14888 
14889 
14890 
14891 
14892 
14893 
14894 
14895 
14896 
14897 
14898 
14899 
14900 
14901 
14902 
14903 
14904 
14905 
14906 
14907 
14908 
14909 
14910 
14911 
14912 
14913 
14914 
14915 
14916 
14917 
14918 
14919 
14920 
14921 
14922 
14923 
14924 
14925 
14926 
14927 
14928 
14929 
14930 
14931 
14932 
14933 
14934 
14935 
14936 
14937 
14938 
14939 
14940 
14941 
14942 
14943 
14944 
14945 
14946 
14947 
14948 
14949 
14950 
14951 
14952 
14953 
14954 
14955 
14956 
14957 
14958 
14959 
14960 
14961 
14962 
14963 
14964 
14965 
14966 
14967 
14968 
14969 
14970 
14971 
14972 
14973 
14974 
14975 
14976 
14977 
14978 
14979 
14980 
14981 
14982 
15202 
15203 
15204 
15205 
15206 
15207 
15208 
15209 
15210 
15211 
15212 
15213 
15214 
15215 
15216 
15217 
15218 
15219 
15220 
15221 
15222 
15223 
15224 
15225 
15226 
15227 
15228 
15229 
15230 
15231 
15232 
15233 
15234 
15235 
15236 
15237 
15238 
15239 
15240 
15241 
15242 
15243 
15244 
15245 
15246 
15247 
15248 
15249 
15250 
15251 
15252 
15253 
15254 
15255 
15256 
15257 
15258 
15259 
15260 
15261 
15262 
15263 
15264 
15265 
15266 
15267 
15268 
15269 
15270 
15271 
15272 
15273 
15274 
15275 
15276 
15277 
15278 
15279 
15280 
15281 
15282 
15283 
15284 
15285 
15286 
15287 
15288 
15289 
15290 
15291 
15292 
15293 
15294 
15295 
15296 
15297 
15298 
15299 
15300 
15301 
15302 
15303 
15304 
15305 
15306 
15307 
15308 
15309 
15310 
15311 
15312 
15313 
15314 
15315 
15316 
15317 
15318 
15319 
15320 
15321 
15322 
15323 
15324 
15325 
15326 
15327 
15328 
15329 
15330 
15331 
15332 
15333 
15334 
15335 
15336 
15337 
15338 
15339 
15340 
15341 
15342 
15343 
15344 
15345 
15346 
15347 
15348 
15349 
15350 
15351 
15352 
15353 
15354 
15355 
15356 
15357 
15358 
15359 
15360 
15361 
15362 
15363 
15364 
15365 
15366 
15367 
15368 
15369 
15370 
15371 
15372 
15373 
15374 
15375 
15376 
15377 
15378 
15379 
15380 
15381 
15382 
15602 
15603 
15604 
15605 
15606 
15607 
15608 
15609 
15610 
15611 
15612 
15613 
15614 
15615 
15616 
15617 
15618 
15619 
15620 
15621 
15622 
15623 
15624 
15625 
15626 
15627 
15628 
15629 
15630 
15631 
15632 
15633 
15634 
15635 
15636 
15637 
15638 
15639 
15640 
15641 
15642 
15643 
15644 
15645 
15646 
15647 
15648 
15649 
15650 
15651 
15652 
15653 
15654 
15655 
15656 
15657 
15658 
15659 
15660 
15661 
15662 
15663 
15664 
15665 
15666 
15667 
15668 
15669 
15670 
15671 
15672 
15673 
15674 
15675 
15676 
15677 
15678 
15679 
15680 
15681 
15682 
15683 
15684 
15685 
15686 
15687 
15688 
15689 
15690 
15691 
15692 
15693 
15694 
15695 
15696 
15697 
15698 
15699 
15700 
15701 
15702 
15703 
15704 
15705 
15706 
15707 
15708 
15709 
15710 
15711 
15712 
15713 
15714 
15715 
15716 
15717 
15718 
15719 
15720 
15721 
15722 
15723 
15724 
15725 
15726 
15727 
15728 
15729 
15730 
15731 
15732 
15733 
15734 
15735 
15736 
15737 
15738 
15739 
15740 
15741 
15742 
15743 
15744 
15745 
15746 
15747 
15748 
15749 
15750 
15751 
15752 
15753 
15754 
15755 
15756 
15757 
15758 
15759 
15760 
15761 
15762 
15763 
15764 
15765 
15766 
15767 
15768 
15769 
15770 
15771 
15772 
15773 
15774 
15775 
15776 
15777 
15778 
15779 
15780 
15781 
15782 
16002 
16003 
16004 
16005 
16006 
16007 
16008 
16009 
16010 
16011 
16012 
16013 
16014 
16015 
16016 
16017 
16018 
16019 
16020 
16021 
16022 
16023 
16024 
16025 
16026 
16027 
16028 
16029 
16030 
16031 
16032 
16033 
16034 
16035 
16036 
16037 
16038 
16039 
16040 
16041 
16042 
16043 
16044 
16045 
16046 
16047 
16048 
16049 
16050 
16051 
16052 
16053 
16054 
16055 
16056 
16057 
16058 
16059 
16060 
16061 
16062 
16063 
16064 
16065 
16066 
16067 
16068 
16069 
16070 
16071 
16072 
16073 
16074 
16075 
16076 
16077 
16078 
16079 
16080 
16081 
16082 
16083 
16084 
16085 
16086 
16087 
16088 
16089 
16090 
16091 
16092 
16093 
16094 
16095 
16096 
16097 
16098 
16099 
16100 
16101 
16102 
16103 
16104 
16105 
16106 
16107 
16108 
16109 
16110 
16111 
16112 
16113 
16114 
16115 
16116 
16117 
16118 
16119 
16120 
16121 
16122 
16123 
16124 
16125 
16126 
16127 
16128 
16129 
16130 
16131 
16132 
16133 
16134 
16135 
16136 
16137 
16138 
16139 
16140 
16141 
16142 
16143 
16144 
16145 
16146 
16147 
16148 
16149 
16150 
16151 
16152 
16153 
16154 
16155 
16156 
16157 
16158 
16159 
16160 
16161 
16162 
16163 
16164 
16165 
16166 
16167 
16168 
16169 
16170 
16171 
16172 
16173 
16174 
16175 
16176 
16177 
16178 
16179 
16180 
16181 
16182 
)

// ************************************************************************* //
